1.000000000000000000e+00 0.000000000000000000e+00 0.000000000000000000e+00 -0.000000000000000000e+00 0.000000000000000000e+00 1.000000000000000000e+00 0.000000000000000000e+00 0.000000000000000000e+00 0.000000000000000000e+00 0.000000000000000000e+00 1.000000000000000000e+00 0.000000000000000000e+00
9.999967600000000401e-01 -2.215239999999999831e-03 -1.255870000000000077e-03 5.551399999999999738e-04 2.216019999999999969e-03 9.999973500000000071e-01 6.254799999999999813e-04 3.889300000000000049e-04 1.254480000000000092e-03 -6.282599999999999513e-04 9.999990199999999607e-01 -9.150000000000000147e-05
9.999867000000000061e-01 -5.045879999999999983e-03 -1.062980000000000045e-03 -5.262000000000000103e-05 5.047099999999999677e-03 9.999865999999999477e-01 1.147749999999999899e-03 -2.065999999999999871e-05 1.057170000000000071e-03 -1.153100000000000002e-03 9.999987799999999760e-01 4.203999999999999729e-05
9.999708000000000485e-01 -7.619339999999999620e-03 -5.898000000000000248e-04 -9.523900000000000074e-04 7.619220000000000333e-03 9.999709500000000251e-01 -2.069600000000000107e-04 4.887500000000000351e-04 5.913599999999999760e-04 2.024600000000000097e-04 9.999997999999999942e-01 -1.208999999999999978e-04
9.999618599999999802e-01 -8.658690000000000137e-03 -1.145790000000000046e-03 -1.278300000000000009e-03 8.657830000000000040e-03 9.999622400000000022e-01 -7.512299999999999750e-04 -1.292200000000000130e-04 1.152250000000000062e-03 7.412799999999999771e-04 9.999990600000000507e-01 -8.888400000000000077e-04
9.999563500000000493e-01 -9.244459999999999483e-03 -1.358269999999999963e-03 -2.093330000000000017e-03 9.242649999999999824e-03 9.999563999999999675e-01 -1.333240000000000076e-03 -2.241500000000000003e-04 1.370539999999999953e-03 1.320629999999999938e-03 9.999981900000000090e-01 -7.353099999999999784e-04
9.999599300000000524e-01 -8.613809999999999523e-03 -2.438660000000000046e-03 -2.436530000000000119e-03 8.612309999999999757e-03 9.999627199999999716e-01 -6.228400000000000472e-04 -1.906400000000000043e-04 2.443929999999999974e-03 6.018100000000000402e-04 9.999968299999999477e-01 -1.198089999999999962e-03
9.999725200000000314e-01 -6.445089999999999673e-03 -3.663319999999999858e-03 -1.464500000000000090e-03 6.448119999999999893e-03 9.999788800000000144e-01 8.155600000000000046e-04 -8.854400000000000335e-04 3.657989999999999853e-03 -8.391600000000000361e-04 9.999929600000000418e-01 -5.657799999999999939e-04
9.999924799999999614e-01 -2.349099999999999799e-03 -3.084869999999999973e-03 -1.345999999999999974e-03 2.349459999999999830e-03 9.999972299999999592e-01 1.116099999999999970e-04 -2.220479999999999936e-03 3.084599999999999842e-03 -1.188599999999999970e-04 9.999952399999999519e-01 1.498399999999999884e-04
9.999965899999999630e-01 1.170749999999999916e-03 -2.333580000000000029e-03 -6.296999999999999646e-04 -1.175190000000000002e-03 9.999974999999999836e-01 -1.902789999999999907e-03 -2.762220000000000127e-03 2.331339999999999888e-03 1.905529999999999897e-03 9.999954699999999974e-01 -1.153700000000000016e-04
9.999950499999999964e-01 2.652059999999999921e-03 -1.690920000000000053e-03 -1.016610000000000040e-03 -2.657619999999999861e-03 9.999910300000000030e-01 -3.298450000000000080e-03 -2.136669999999999802e-03 1.682150000000000095e-03 3.302929999999999928e-03 9.999931300000000078e-01 -2.410900000000000109e-04
9.999881900000000545e-01 4.614489999999999738e-03 -1.524310000000000075e-03 -1.171259999999999923e-03 -4.619990000000000034e-03 9.999827700000000208e-01 -3.620889999999999873e-03 -2.095839999999999856e-03 1.507569999999999960e-03 3.627889999999999934e-03 9.999922799999999556e-01 -4.335599999999999892e-04
9.999864699999999607e-01 4.946919999999999616e-03 -1.610069999999999904e-03 -1.007029999999999904e-03 -4.951299999999999625e-03 9.999840199999999735e-01 -2.727090000000000156e-03 -2.525930000000000016e-03 1.596549999999999966e-03 2.735019999999999899e-03 9.999949900000000280e-01 5.496500000000000517e-04
9.999764300000000272e-01 6.514630000000000420e-03 -2.167490000000000215e-03 -1.083970000000000072e-03 -6.523720000000000213e-03 9.999698500000000490e-01 -4.210840000000000416e-03 -3.813809999999999943e-03 2.139999999999999975e-03 4.224880000000000302e-03 9.999887899999999608e-01 5.504900000000000505e-04
9.999630000000000463e-01 8.306819999999999482e-03 -2.234410000000000042e-03 -8.086700000000000485e-04 -8.318829999999999281e-03 9.999506999999999701e-01 -5.422429999999999785e-03 -2.396670000000000050e-03 2.189249999999999790e-03 5.440819999999999858e-03 9.999827999999999495e-01 -5.445800000000000207e-04
9.999518299999999860e-01 9.607879999999999199e-03 -2.006169999999999828e-03 -3.090599999999999988e-04 -9.616529999999999870e-03 9.999443099999999474e-01 -4.346639999999999705e-03 -2.897410000000000003e-03 1.964299999999999987e-03 4.365729999999999958e-03 9.999885400000000368e-01 -5.444000000000000054e-05
9.999404699999999702e-01 1.076249999999999950e-02 -1.796939999999999909e-03 1.718900000000000094e-04 -1.076873000000000066e-02 9.999358999999999886e-01 -3.497810000000000068e-03 -2.703960000000000044e-03 1.759179999999999945e-03 3.516959999999999965e-03 9.999922700000000164e-01 -4.408400000000000144e-04
9.999200999999999784e-01 1.257060999999999942e-02 -1.333460000000000071e-03 6.407999999999999634e-04 -1.257279000000000035e-02 9.999196200000000090e-01 -1.637980000000000035e-03 -3.803040000000000153e-03 1.312760000000000055e-03 1.654620000000000092e-03 9.999977700000000080e-01 1.013100000000000041e-04
9.999080299999999477e-01 1.355425000000000033e-02 -4.522400000000000204e-04 1.026180000000000017e-03 -1.355554999999999954e-02 9.999036000000000035e-01 -3.004740000000000102e-03 -3.518390000000000146e-03 4.114699999999999890e-04 3.010599999999999995e-03 9.999953799999999893e-01 5.459300000000000264e-04
9.998995800000000100e-01 1.411402999999999963e-02 1.270539999999999907e-03 1.709400000000000025e-03 -1.410924000000000032e-02 9.998935899999999988e-01 -3.706779999999999797e-03 -4.052079999999999571e-03 -1.322720000000000102e-03 3.688480000000000057e-03 9.999923200000000456e-01 3.814299999999999852e-04
9.999032799999999499e-01 1.363250000000000052e-02 2.752489999999999798e-03 3.734330000000000115e-03 -1.362197000000000061e-02 9.998999600000000321e-01 -3.809040000000000082e-03 -3.911650000000000023e-03 -2.804140000000000105e-03 3.771179999999999845e-03 9.999889600000000378e-01 3.043999999999999994e-05
9.999107499999999593e-01 1.240122999999999920e-02 4.970559999999999735e-03 3.802799999999999844e-03 -1.238784000000000066e-02 9.999195800000000300e-01 -2.714949999999999829e-03 -4.073649999999999841e-03 -5.003829999999999910e-03 2.653130000000000072e-03 9.999839600000000051e-01 -1.894900000000000035e-04
9.999274000000000218e-01 1.034723000000000066e-02 6.175149999999999910e-03 2.756910000000000003e-03 -1.033602999999999952e-02 9.999448800000000359e-01 -1.843849999999999959e-03 -4.058420000000000083e-03 -6.193889999999999639e-03 1.779889999999999901e-03 9.999792299999999967e-01 -2.527300000000000011e-04
9.999455299999999713e-01 8.882700000000000318e-03 5.480569999999999713e-03 1.579689999999999914e-03 -8.890419999999999573e-03 9.999595199999999906e-01 1.384919999999999988e-03 -4.088480000000000239e-03 -5.468050000000000341e-03 -1.433569999999999896e-03 9.999840199999999735e-01 -9.598799999999999780e-04
9.999395399999999601e-01 1.061045000000000044e-02 2.887429999999999858e-03 -3.828799999999999933e-04 -1.062697999999999941e-02 9.999268799999999624e-01 5.770530000000000277e-03 -5.724599999999999828e-03 -2.825990000000000012e-03 -5.800869999999999638e-03 9.999791799999999675e-01 -2.697500000000000245e-04
9.998948300000000122e-01 1.447186999999999953e-02 9.503899999999999588e-04 -7.923999999999999620e-04 -1.447829999999999950e-02 9.998696500000000542e-01 7.146360000000000039e-03 -6.631259999999999932e-03 -8.468399999999999626e-04 -7.159369999999999970e-03 9.999740099999999687e-01 4.070100000000000215e-04
9.997882999999999631e-01 2.052647999999999973e-02 1.420739999999999980e-03 -2.349079999999999918e-03 -2.053695999999999994e-02 9.997586699999999604e-01 7.799559999999999653e-03 -7.318260000000000043e-03 -1.260300000000000005e-03 -7.827080000000000148e-03 9.999685699999999455e-01 4.942500000000000062e-04
9.996567400000000436e-01 2.611054999999999973e-02 2.154319999999999933e-03 -3.311039999999999903e-03 -2.612828000000000025e-02 9.996210700000000005e-01 8.662009999999999502e-03 -7.869900000000000853e-03 -1.927340000000000043e-03 -8.715330000000000299e-03 9.999601599999999868e-01 1.457919999999999919e-03
9.995515099999999764e-01 2.964947999999999889e-02 4.204669999999999762e-03 -4.340459999999999978e-03 -2.969182000000000071e-02 9.995050699999999955e-01 1.039317000000000019e-02 -1.011138999999999961e-02 -3.894439999999999881e-03 -1.051334999999999943e-02 9.999371500000000523e-01 2.836850000000000135e-03
9.994701499999999461e-01 3.152076999999999657e-02 8.115239999999999260e-03 -6.524460000000000155e-03 -3.160823000000000105e-02 9.994410700000000425e-01 1.088458999999999954e-02 -1.298525000000000026e-02 -7.767620000000000254e-03 -1.113533000000000057e-02 9.999078300000000530e-01 4.227070000000000306e-03
9.993958499999999745e-01 3.265351999999999838e-02 1.190295000000000068e-02 -9.652219999999999550e-03 -3.277371999999999924e-02 9.994123000000000312e-01 1.004721000000000086e-02 -1.623679000000000094e-02 -1.156787999999999914e-02 -1.043123999999999961e-02 9.998786800000000197e-01 5.670309999999999587e-03
9.993226400000000398e-01 3.315649999999999847e-02 1.596567999999999946e-02 -1.166870000000000060e-02 -3.327283999999999797e-02 9.994212500000000388e-01 7.076800000000000278e-03 -1.853296000000000110e-02 -1.572178999999999938e-02 -7.603229999999999884e-03 9.998475000000000001e-01 6.534390000000000163e-03
9.993197000000000330e-01 3.042169000000000123e-02 2.084830000000000017e-02 -1.495834000000000052e-02 -3.054197999999999982e-02 9.995184900000000372e-01 5.475709999999999952e-03 -2.064258999999999886e-02 -2.067168000000000130e-02 -6.108729999999999716e-03 9.997676599999999469e-01 6.740290000000000344e-03
9.992984799999999890e-01 2.705797999999999884e-02 2.589251000000000053e-02 -1.841351000000000099e-02 -2.721801000000000081e-02 9.996124100000000068e-01 5.848100000000000173e-03 -2.164595000000000061e-02 -2.572423000000000071e-02 -6.548739999999999943e-03 9.996476300000000093e-01 7.520070000000000227e-03
9.991974300000000531e-01 2.457718999999999876e-02 3.163003000000000342e-02 -2.279940999999999912e-02 -2.484534000000000048e-02 9.996583900000000078e-01 8.112700000000000466e-03 -2.434112000000000081e-02 -3.141983999999999749e-02 -8.892050000000000301e-03 9.994667200000000307e-01 9.126989999999999756e-03
9.990456599999999465e-01 2.285643999999999870e-02 3.722034999999999927e-02 -2.579421999999999965e-02 -2.321936000000000139e-02 9.996866899999999889e-01 9.347569999999999490e-03 -2.633691000000000157e-02 -3.699503999999999987e-02 -1.020287999999999924e-02 9.992633600000000449e-01 9.896109999999999629e-03
9.987657300000000182e-01 2.145199000000000064e-02 4.479754999999999848e-02 -3.001788000000000026e-02 -2.204305000000000153e-02 9.996758199999999928e-01 1.274193000000000027e-02 -2.744504000000000041e-02 -4.450968999999999759e-02 -1.371368000000000066e-02 9.989148199999999811e-01 1.058954999999999966e-02
9.984205299999999728e-01 2.006497999999999962e-02 5.247699000000000114e-02 -3.429825999999999708e-02 -2.096707999999999905e-02 9.996407400000000276e-01 1.669665000000000038e-02 -3.082446999999999965e-02 -5.212312000000000195e-02 -1.777056999999999942e-02 9.984825400000000295e-01 1.217042999999999944e-02
9.979694500000000357e-01 2.033936999999999898e-02 6.035970999999999698e-02 -3.777537999999999729e-02 -2.143752000000000157e-02 9.996152299999999657e-01 1.760188999999999851e-02 -3.321049000000000223e-02 -5.997848000000000068e-02 -1.886010999999999938e-02 9.980214800000000164e-01 1.340232000000000055e-02
9.974153000000000047e-01 2.066402000000000169e-02 6.881658999999999693e-02 -4.217297999999999880e-02 -2.198121000000000103e-02 9.995883399999999641e-01 1.843855999999999967e-02 -3.640096000000000304e-02 -6.840725000000000278e-02 -1.990358000000000058e-02 9.974589200000000266e-01 1.473500999999999977e-02
9.969052099999999861e-01 1.937453999999999912e-02 7.618811999999999807e-02 -4.627789000000000208e-02 -2.084211999999999870e-02 9.996113300000000201e-01 1.851478000000000151e-02 -3.873160999999999965e-02 -7.579980000000000051e-02 -2.004540000000000141e-02 9.969215500000000452e-01 1.577339999999999992e-02
9.963379300000000383e-01 1.714714999999999989e-02 8.376574999999999993e-02 -5.118284000000000028e-02 -1.889501999999999848e-02 9.996190499999999535e-01 2.011811999999999975e-02 -4.082256000000000079e-02 -8.338887000000000382e-02 -2.162719999999999920e-02 9.962823699999999727e-01 1.734814000000000148e-02
9.957732700000000436e-01 1.569351999999999900e-02 9.049480999999999498e-02 -5.716484000000000149e-02 -1.772502999999999926e-02 9.996076299999999693e-01 2.168901000000000162e-02 -4.520868000000000109e-02 -9.011892000000000513e-02 -2.320136000000000073e-02 9.956607200000000546e-01 1.989725999999999995e-02
9.953155000000000197e-01 1.259474000000000010e-02 9.585630000000000539e-02 -6.277443000000000606e-02 -1.467981999999999967e-02 9.996700499999999767e-01 2.107807999999999904e-02 -4.816476000000000091e-02 -9.555919999999999692e-02 -2.238650000000000015e-02 9.951719900000000063e-01 2.067364999999999828e-02
9.948660999999999754e-01 7.635259999999999617e-03 1.009115800000000007e-01 -6.819811000000000623e-02 -9.936840000000000603e-03 9.997013799999999728e-01 2.232494999999999966e-02 -5.009612000000000093e-02 -1.007109900000000002e-01 -2.321308000000000052e-02 9.946448900000000037e-01 2.113767000000000076e-02
9.943652800000000180e-01 1.999089999999999808e-03 1.059890799999999994e-01 -7.424624000000000501e-02 -4.673560000000000214e-03 9.996767500000000028e-01 2.499107999999999885e-02 -5.288302000000000280e-02 -1.059048600000000034e-01 -2.534561000000000106e-02 9.940531999999999702e-01 2.271834999999999827e-02
9.937051999999999552e-01 -1.690979999999999914e-03 1.120139099999999943e-01 -7.922323000000000559e-02 -1.235800000000000006e-03 9.996597699999999476e-01 2.605408999999999850e-02 -5.736818999999999946e-02 -1.120198599999999989e-01 -2.602851000000000123e-02 9.933650200000000430e-01 2.539941000000000074e-02
9.928469300000000164e-01 -5.494849999999999908e-03 1.192676500000000028e-01 -8.535692999999999753e-02 2.685359999999999917e-03 9.997154099999999710e-01 2.370409999999999878e-02 -6.048363999999999824e-02 -1.193639600000000051e-01 -2.321426999999999866e-02 9.925791400000000264e-01 2.692589999999999914e-02
9.918526399999999521e-01 -9.259119999999999157e-03 1.270535499999999873e-01 -9.252852000000000299e-02 6.587820000000000308e-03 9.997486700000000059e-01 2.142909999999999954e-02 -6.383929000000000686e-02 -1.272200300000000117e-01 -2.041750000000000162e-02 9.916643499999999722e-01 2.897051000000000140e-02
9.909980000000000455e-01 -1.073034999999999961e-02 1.334459899999999866e-01 -1.001376499999999947e-01 8.647470000000000850e-03 9.998317300000000296e-01 1.617822000000000010e-02 -6.516656999999999311e-02 -1.335971400000000031e-01 -1.487862000000000039e-02 9.909240299999999557e-01 3.005833000000000116e-02
9.902753300000000092e-01 -9.112240000000000617e-03 1.388226899999999986e-01 -1.065004299999999932e-01 7.476530000000000328e-03 9.998964000000000185e-01 1.229965000000000051e-02 -6.909282999999999397e-02 -1.389203900000000047e-01 -1.114212000000000015e-02 9.902408700000000508e-01 3.295432000000000222e-02
9.892871899999999830e-01 -6.718299999999999966e-03 1.458276900000000098e-01 -1.135596700000000014e-01 6.015359999999999978e-03 9.999680699999999867e-01 5.260769999999999683e-03 -6.982794000000000501e-02 -1.458583800000000097e-01 -4.327209999999999737e-03 9.892960200000000537e-01 3.358254000000000100e-02
9.882198500000000108e-01 -8.772399999999999642e-03 1.527892799999999995e-01 -1.186257800000000001e-01 8.270740000000000383e-03 9.999581199999999503e-01 3.918610000000000322e-03 -7.004072000000000076e-02 -1.528172499999999878e-01 -2.608769999999999839e-03 9.882510199999999800e-01 3.427539000000000280e-02
9.869117499999999765e-01 -1.222758999999999999e-02 1.607970099999999902e-01 -1.246478699999999940e-01 1.144199000000000084e-02 9.999176499999999912e-01 5.810730000000000062e-03 -7.068863000000000230e-02 -1.608548200000000095e-01 -3.894840000000000108e-03 9.869703899999999752e-01 3.581659000000000231e-02
9.855667700000000364e-01 -1.516447999999999928e-02 1.686066099999999901e-01 -1.317651200000000133e-01 1.376414999999999930e-02 9.998604100000000328e-01 9.470990000000000311e-03 -7.300708000000000197e-02 -1.687267000000000072e-01 -7.013560000000000280e-03 9.856379199999999452e-01 3.839856999999999992e-02
9.842890800000000384e-01 -1.802793999999999924e-02 1.756417000000000117e-01 -1.383392699999999864e-01 1.618228999999999848e-02 9.997978299999999985e-01 1.193477000000000079e-02 -7.464094000000000284e-02 -1.758213499999999874e-01 -8.904979999999999840e-03 9.843818100000000237e-01 4.044186999999999782e-02
9.829422799999999460e-01 -2.184078000000000061e-02 1.826128499999999932e-01 -1.455669500000000005e-01 1.946697000000000011e-02 9.997012199999999460e-01 1.478180999999999939e-02 -7.758977999999999708e-02 -1.828811300000000029e-01 -1.097475000000000013e-02 9.830737699999999579e-01 4.265361000000000152e-02
9.818311499999999858e-01 -2.717744000000000063e-02 1.878003699999999943e-01 -1.533210000000000128e-01 2.457828999999999917e-02 9.995673600000000159e-01 1.615524000000000127e-02 -8.120758999999999617e-02 -1.881581800000000082e-01 -1.124590999999999959e-02 9.820743499999999848e-01 4.449498000000000342e-02
9.809776199999999946e-01 -3.327271999999999869e-02 1.912481099999999989e-01 -1.605422599999999922e-01 3.058877999999999944e-02 9.993879900000000038e-01 1.696985999999999981e-02 -8.411923000000000317e-02 -1.916956999999999967e-01 -1.079700999999999925e-02 9.813950200000000068e-01 4.565912999999999916e-02
9.800968599999999586e-01 -3.906652000000000041e-02 1.946380199999999949e-01 -1.686952600000000135e-01 3.614090999999999831e-02 9.991743199999999492e-01 1.856094999999999967e-02 -8.642171999999999354e-02 -1.952024199999999876e-01 -1.115712999999999948e-02 9.806995099999999965e-01 4.687416999999999973e-02
9.795108500000000440e-01 -4.449200999999999850e-02 1.964152700000000029e-01 -1.761880700000000022e-01 4.091833000000000276e-02 9.989154500000000381e-01 2.221727999999999897e-02 -8.989136000000000348e-02 -1.971907400000000032e-01 -1.372508000000000061e-02 9.802690600000000254e-01 4.845831999999999917e-02
9.790577000000000307e-01 -4.896496999999999655e-02 1.976068300000000111e-01 -1.837865999999999944e-01 4.471569999999999712e-02 9.986636599999999531e-01 2.591146999999999895e-02 -9.379482999999999571e-02 -1.986115200000000136e-01 -1.653270000000000087e-02 9.799388399999999777e-01 5.012144999999999795e-02
9.786851600000000539e-01 -5.410424999999999957e-02 1.981112899999999954e-01 -1.898267299999999991e-01 4.927278000000000213e-02 9.983572499999999739e-01 2.924028999999999864e-02 -9.896644999999999748e-02 -1.993678700000000026e-01 -1.885554000000000049e-02 9.797432900000000444e-01 5.176146999999999693e-02
9.781804299999999897e-01 -5.850179999999999964e-02 1.993504200000000004e-01 -1.965835400000000011e-01 5.370031000000000110e-02 9.981238199999999949e-01 2.941273999999999972e-02 -1.039412799999999970e-01 -2.006970999999999894e-01 -1.806579000000000171e-02 9.794867499999999616e-01 5.336544000000000010e-02
9.775069100000000066e-01 -6.334260999999999364e-02 2.011665099999999928e-01 -2.023410999999999960e-01 5.879021999999999720e-02 9.978625800000000545e-01 2.853046999999999875e-02 -1.062146300000000043e-01 -2.025437200000000104e-01 -1.606211000000000097e-02 9.791414899999999477e-01 5.403311999999999699e-02
9.766069400000000345e-01 -6.602397000000000127e-02 2.046453400000000089e-01 -2.083666899999999933e-01 6.126261999999999680e-02 9.976849800000000545e-01 2.952236999999999917e-02 -1.104506999999999989e-01 -2.061207599999999862e-01 -1.629463999999999912e-02 9.783908799999999628e-01 5.576426999999999773e-02
9.756538000000000155e-01 -6.659787999999999819e-02 2.089602399999999915e-01 -2.156253399999999987e-01 6.200171000000000154e-02 9.976697199999999821e-01 2.847666999999999907e-02 -1.145790799999999998e-01 -2.103697900000000010e-01 -1.482748000000000052e-02 9.775094399999999517e-01 5.750153000000000209e-02
9.746736999999999762e-01 -6.718132000000000270e-02 2.133022300000000093e-01 -2.222916500000000073e-01 6.276940000000000297e-02 9.976519400000000148e-01 2.739723999999999979e-02 -1.183875600000000028e-01 -2.146419599999999928e-01 -1.331451999999999983e-02 9.766020399999999491e-01 5.897369999999999696e-02
9.738619699999999657e-01 -6.947868999999999573e-02 2.162535100000000099e-01 -2.281205000000000038e-01 6.548629000000000255e-02 9.975254999999999539e-01 2.558177999999999841e-02 -1.227881100000000059e-01 -2.174957799999999997e-01 -1.075148000000000076e-02 9.760020400000000151e-01 6.005972999999999867e-02
9.728528699999999807e-01 -7.227448000000000206e-02 2.198492700000000133e-01 -2.337341500000000016e-01 6.883316000000000434e-02 9.973564400000000107e-01 2.328360000000000152e-02 -1.247670300000000010e-01 -2.209508900000000109e-01 -7.518590000000000342e-03 9.752559499999999826e-01 6.037957000000000046e-02
9.717740999999999740e-01 -7.313593999999999651e-02 2.242905000000000038e-01 -2.402407699999999924e-01 6.960632999999999404e-02 9.972950000000000426e-01 2.361436000000000091e-02 -1.271615799999999963e-01 -2.254108499999999959e-01 -7.335790000000000019e-03 9.742361800000000072e-01 6.089209000000000288e-02
9.708242900000000342e-01 -7.360864000000000296e-02 2.282147499999999940e-01 -2.464145399999999875e-01 6.999494000000000549e-02 9.972610100000000033e-01 2.389958000000000013e-02 -1.289988900000000049e-01 -2.293488800000000050e-01 -7.228420000000000158e-03 9.733174399999999782e-01 6.164622000000000157e-02
9.698267200000000310e-01 -7.665499000000000618e-02 2.314306499999999878e-01 -2.514733000000000107e-01 7.259983000000000408e-02 9.970221700000000409e-01 2.600117999999999874e-02 -1.324420500000000056e-01 -2.327346100000000084e-01 -8.414809999999999998e-03 9.725038799999999872e-01 6.168292000000000219e-02
9.683673000000000419e-01 -7.955096999999999863e-02 2.365088200000000085e-01 -2.567106000000000110e-01 7.539535999999999460e-02 9.967994500000000313e-01 2.657814000000000010e-02 -1.355316000000000021e-01 -2.378661800000000104e-01 -7.905739999999999643e-03 9.712657599999999780e-01 6.191839999999999844e-02
9.665339899999999540e-01 -8.342412999999999912e-02 2.425952799999999965e-01 -2.626422600000000163e-01 7.891128000000000031e-02 9.964804900000000520e-01 2.827790999999999985e-02 -1.368700300000000036e-01 -2.441005199999999875e-01 -8.188060000000000477e-03 9.697153699999999654e-01 6.131839000000000039e-02
9.648192300000000277e-01 -8.623967999999999912e-02 2.483677999999999997e-01 -2.689057400000000042e-01 8.101298999999999306e-02 9.962243400000000415e-01 3.120848000000000025e-02 -1.391464500000000049e-01 -2.501214600000000177e-01 -9.989519999999999997e-03 9.681629299999999771e-01 6.135031999999999985e-02
9.632363699999999529e-01 -9.017851999999999812e-02 2.530682100000000156e-01 -2.753982200000000269e-01 8.420015999999999612e-02 9.958556299999999917e-01 3.437863000000000030e-02 -1.400825199999999882e-01 -2.551196199999999914e-01 -1.180637000000000006e-02 9.668374199999999474e-01 6.050185000000000285e-02
9.617865100000000389e-01 -9.415468000000000448e-02 2.571023299999999900e-01 -2.812739300000000053e-01 8.693344999999999545e-02 9.954371800000000325e-01 3.933708000000000343e-02 -1.427396499999999957e-01 -2.596329800000000132e-01 -1.548307999999999976e-02 9.655832399999999538e-01 6.042576999999999671e-02
9.604096899999999826e-01 -9.794015000000000359e-02 2.608082700000000087e-01 -2.869141100000000000e-01 8.998230000000000117e-02 9.950442299999999740e-01 4.231043000000000304e-02 -1.441948200000000013e-01 -2.636596500000000232e-01 -1.716720999999999872e-02 9.644629999999999592e-01 6.034451999999999872e-02
9.589536300000000013e-01 -1.022953899999999999e-01 2.644685099999999900e-01 -2.924715900000000035e-01 9.355450999999999351e-02 9.945751900000000534e-01 4.547241999999999951e-02 -1.452018800000000054e-01 -2.676854399999999967e-01 -1.886372000000000049e-02 9.633216799999999580e-01 6.064437000000000300e-02
9.577017500000000183e-01 -1.063845900000000011e-01 2.673755500000000174e-01 -2.990343500000000043e-01 9.697944999999999482e-02 9.941196399999999711e-01 4.817801000000000028e-02 -1.451589699999999983e-01 -2.709286799999999773e-01 -2.021022999999999917e-02 9.623872399999999772e-01 6.099456000000000322e-02
9.567660799999999632e-01 -1.119355900000000015e-01 2.684568700000000141e-01 -3.052609600000000256e-01 1.005794700000000041e-01 9.933667699999999545e-01 5.573361000000000287e-02 -1.453973299999999913e-01 -2.729147100000000048e-01 -2.632278000000000048e-02 9.616780499999999510e-01 6.097704999999999792e-02
9.562097899999999484e-01 -1.165265099999999998e-01 2.684853899999999904e-01 -3.112270400000000103e-01 1.035608199999999979e-01 9.926882599999999890e-01 6.200943999999999900e-02 -1.463183399999999912e-01 -2.737480400000000258e-01 -3.148945999999999690e-02 9.612858199999999576e-01 6.289406000000000163e-02
9.557597899999999980e-01 -1.219041800000000009e-01 2.676987100000000064e-01 -3.179110900000000073e-01 1.074012200000000056e-01 9.918721700000000530e-01 6.822445000000000592e-02 -1.467209399999999941e-01 -2.738397399999999982e-01 -3.645501999999999770e-02 9.610841900000000049e-01 6.432780000000000442e-02
9.555589399999999678e-01 -1.269337700000000013e-01 2.660731700000000255e-01 -3.235951000000000244e-01 1.108725099999999936e-01 9.910305700000000551e-01 7.460363000000000411e-02 -1.477978600000000031e-01 -2.731563599999999870e-01 -4.178795999999999899e-02 9.610615799999999709e-01 6.653525999999999885e-02
9.554337200000000418e-01 -1.300922200000000084e-01 2.649951300000000232e-01 -3.287979699999999950e-01 1.125838100000000064e-01 9.903931700000000449e-01 8.028855000000000020e-02 -1.489359700000000009e-01 -2.728942799999999891e-01 -4.687622999999999790e-02 9.609013100000000085e-01 6.821612000000000509e-02
9.549648499999999762e-01 -1.326478100000000049e-01 2.654179500000000136e-01 -3.335502900000000270e-01 1.134216499999999989e-01 9.897683400000000242e-01 8.656882000000000466e-02 -1.505671899999999896e-01 -2.741854499999999972e-01 -5.256604000000000138e-02 9.602391099999999513e-01 7.118078999999999379e-02
9.540805900000000062e-01 -1.353975400000000107e-01 2.672035500000000119e-01 -3.389880900000000197e-01 1.147252200000000028e-01 9.891658899999999921e-01 9.159127999999999714e-02 -1.521923799999999882e-01 -2.767098700000000244e-01 -5.673047999999999980e-02 9.592774899999999549e-01 7.469826000000000243e-02
9.527212200000000353e-01 -1.395558299999999918e-01 2.699007900000000015e-01 -3.447545300000000035e-01 1.170472600000000002e-01 9.882944900000000255e-01 9.784650000000000292e-02 -1.533455499999999971e-01 -2.803965199999999824e-01 -6.162929000000000324e-02 9.579037700000000433e-01 7.965110999999999719e-02
9.510441699999999665e-01 -1.451109299999999991e-01 2.728695800000000005e-01 -3.492815599999999909e-01 1.207903200000000066e-01 9.872149999999999537e-01 1.040011799999999986e-01 -1.548862699999999926e-01 -2.844726499999999936e-01 -6.594970999999999473e-02 9.564130600000000371e-01 8.507916999999999563e-02
9.490705499999999573e-01 -1.500787600000000055e-01 2.770224900000000101e-01 -3.542221899999999923e-01 1.241196199999999999e-01 9.862535300000000449e-01 1.090793500000000055e-01 -1.560777000000000136e-01 -2.895848999999999784e-01 -6.914006999999999792e-02 9.546518899999999475e-01 9.036761999999999573e-02
9.461534400000000122e-01 -1.584663500000000058e-01 2.822801400000000127e-01 -3.592067299999999741e-01 1.303187899999999899e-01 9.846668600000000326e-01 1.159662999999999944e-01 -1.602387299999999959e-01 -2.963286600000000215e-01 -7.293550999999999507e-02 9.522970899999999572e-01 9.733635999999999677e-02
9.429583999999999744e-01 -1.660831700000000022e-01 2.885235600000000122e-01 -3.647379099999999985e-01 1.377188699999999932e-01 9.836411400000000249e-01 1.161190299999999981e-01 -1.688604900000000020e-01 -3.030890500000000265e-01 -6.976026999999999922e-02 9.504054600000000352e-01 1.048319999999999946e-01
9.398702599999999574e-01 -1.703754799999999958e-01 2.960001500000000174e-01 -3.699540199999999945e-01 1.445675999999999906e-01 9.836752300000000115e-01 1.071599200000000057e-01 -1.710093599999999991e-01 -3.094254399999999960e-01 -5.792438999999999921e-02 9.491578699999999591e-01 1.106452200000000025e-01
9.354818499999999482e-01 -1.766027799999999870e-01 3.060803200000000168e-01 -3.747317900000000090e-01 1.516909700000000083e-01 9.829890000000000017e-01 1.035494099999999945e-01 -1.712501300000000004e-01 -3.191607000000000194e-01 -5.043896999999999964e-02 9.463574099999999545e-01 1.167971500000000024e-01
9.305470300000000528e-01 -1.822045099999999862e-01 3.176220000000000154e-01 -3.806160699999999730e-01 1.567856099999999919e-01 9.821348899999999826e-01 1.040640199999999932e-01 -1.751286900000000035e-01 -3.309085900000000025e-01 -4.703790000000000054e-02 9.424897599999999542e-01 1.242090599999999961e-01
9.262582200000000210e-01 -1.857074599999999909e-01 3.279610499999999762e-01 -3.858736899999999914e-01 1.607271000000000116e-01 9.817187499999999734e-01 1.019562999999999997e-01 -1.805863099999999999e-01 -3.408995599999999904e-01 -4.172562999999999966e-02 9.391732900000000495e-01 1.311283000000000032e-01
9.225800699999999743e-01 -1.870970799999999989e-01 3.374028700000000214e-01 -3.920525200000000154e-01 1.639006000000000074e-01 9.817701399999999579e-01 9.624961999999999407e-02 -1.806116500000000125e-01 -3.492600900000000230e-01 -3.349744999999999806e-02 9.364268900000000118e-01 1.365269600000000028e-01
9.189178999999999542e-01 -1.905515700000000034e-01 3.453693600000000141e-01 -3.986694499999999808e-01 1.662967999999999946e-01 9.811088799999999610e-01 9.884703999999999713e-02 -1.804028199999999915e-01 -3.576804100000000042e-01 -3.339849999999999763e-02 9.332466299999999659e-01 1.416610600000000053e-01
9.152878199999999742e-01 -1.957525599999999921e-01 3.520357100000000017e-01 -4.031501299999999954e-01 1.686480399999999991e-01 9.799158599999999719e-01 1.064083599999999935e-01 -1.821931599999999929e-01 -3.657950899999999894e-01 -3.802413999999999794e-02 9.299183399999999544e-01 1.477761200000000108e-01
9.029809500000000044e-01 -2.038928399999999919e-01 3.782236400000000276e-01 -4.616407100000000097e-01 1.716644999999999976e-01 9.781288099999999597e-01 1.174535200000000057e-01 -1.787543600000000010e-01 -3.938993700000000264e-01 -4.113072000000000256e-02 9.182328400000000501e-01 1.398928700000000025e-01
8.995959599999999723e-01 -2.065887299999999982e-01 3.847703299999999937e-01 -4.663491200000000059e-01 1.709038200000000118e-01 9.773064999999999669e-01 1.251554800000000134e-01 -1.835687799999999870e-01 -4.018942600000000032e-01 -4.683063999999999977e-02 9.144877799999999723e-01 1.456871700000000047e-01
8.973139599999999660e-01 -2.059342700000000026e-01 3.904084299999999730e-01 -4.721391999999999811e-01 1.690866000000000036e-01 9.773935500000000554e-01 1.269313400000000036e-01 -1.868158500000000055e-01 -4.077221899999999843e-01 -4.788442999999999866e-02 9.118496000000000379e-01 1.508987800000000101e-01
8.951358000000000370e-01 -2.079503600000000008e-01 3.943203599999999809e-01 -4.773982700000000134e-01 1.703655000000000030e-01 9.769694899999999960e-01 1.284764999999999935e-01 -1.888021000000000005e-01 -4.119556899999999855e-01 -4.782532999999999923e-02 9.099479400000000107e-01 1.544131699999999885e-01
8.922471199999999492e-01 -2.147531199999999918e-01 3.972105000000000219e-01 -4.838746500000000172e-01 1.752734800000000093e-01 9.754069600000000451e-01 1.336430600000000080e-01 -1.905157600000000062e-01 -4.161421499999999885e-01 -4.962217000000000017e-02 9.079445699999999508e-01 1.581665899999999958e-01
8.904238799999999454e-01 -2.212976399999999899e-01 3.977092700000000036e-01 -4.914925399999999778e-01 1.791851499999999875e-01 9.737125399999999598e-01 1.406292299999999940e-01 -1.939174300000000017e-01 -4.183754100000000031e-01 -5.395603000000000204e-02 9.066701499999999525e-01 1.627927000000000124e-01
8.901964500000000280e-01 -2.269692399999999888e-01 3.950129700000000188e-01 -4.985049100000000233e-01 1.828773999999999955e-01 9.721648499999999693e-01 1.464628099999999988e-01 -1.972501700000000024e-01 -4.172602799999999834e-01 -5.814173000000000258e-02 9.069252399999999659e-01 1.665340999999999905e-01
8.906648000000000343e-01 -2.308697799999999967e-01 3.916827199999999842e-01 -5.027343100000000176e-01 1.850095300000000054e-01 9.709703400000000428e-01 1.516182100000000033e-01 -2.015468800000000116e-01 -4.153163699999999903e-01 -6.257596999999999465e-02 9.075222099999999958e-01 1.705943500000000057e-01
8.903428500000000190e-01 -2.320339200000000046e-01 3.917267700000000019e-01 -5.075835400000000552e-01 1.850791999999999993e-01 9.705457899999999638e-01 1.542289500000000035e-01 -2.065361800000000136e-01 -4.159751099999999813e-01 -6.481615999999999767e-02 9.070631599999999795e-01 1.747343399999999880e-01
8.894710999999999590e-01 -2.320880800000000022e-01 3.936702799999999836e-01 -5.135271500000000433e-01 1.848535099999999987e-01 9.705426700000000517e-01 1.545189600000000107e-01 -2.087579099999999910e-01 -4.179358200000000134e-01 -6.466882000000000186e-02 9.061719499999999483e-01 1.777529999999999943e-01
8.874727500000000324e-01 -2.369024899999999934e-01 3.953091599999999928e-01 -5.201491599999999993e-01 1.878022199999999919e-01 9.692161400000000038e-01 1.592180800000000118e-01 -2.100442499999999879e-01 -4.208591799999999994e-01 -6.706177000000000665e-02 9.046437200000000400e-01 1.810858399999999979e-01
8.857677400000000256e-01 -2.415653200000000000e-01 3.963101199999999880e-01 -5.257445600000000274e-01 1.895514100000000035e-01 9.677031000000000382e-01 1.661955599999999922e-01 -2.131233800000000012e-01 -4.236576100000000178e-01 -7.208952000000000415e-02 9.029492399999999863e-01 1.861166099999999879e-01
8.844777400000000123e-01 -2.433500799999999964e-01 3.980952899999999905e-01 -5.310820499999999722e-01 1.895979999999999888e-01 9.670503799999999872e-01 1.699004600000000031e-01 -2.149764000000000119e-01 -4.263234900000000271e-01 -7.479510000000000325e-02 9.014732199999999640e-01 1.913910900000000137e-01
8.826438399999999573e-01 -2.448931500000000039e-01 4.012071700000000019e-01 -5.356934700000000049e-01 1.893257799999999991e-01 9.664790100000000272e-01 1.734187799999999946e-01 -2.174709400000000015e-01 -4.302273799999999926e-01 -7.710815999999999504e-02 8.994213300000000189e-01 1.951513800000000132e-01
8.795836299999999497e-01 -2.464429999999999954e-01 4.069379300000000033e-01 -5.412049100000000390e-01 1.884098200000000056e-01 9.658804100000000226e-01 1.776985299999999934e-01 -2.190543500000000088e-01 -4.368459399999999881e-01 -7.962961999999999818e-02 8.960048800000000035e-01 1.994470299999999974e-01
8.756693399999999627e-01 -2.507170400000000021e-01 4.127277200000000201e-01 -5.465871900000000005e-01 1.892809699999999928e-01 9.644735199999999731e-01 1.842919799999999941e-01 -2.216594299999999906e-01 -4.442700900000000064e-01 -8.325733000000000439e-02 8.920158599999999938e-01 2.047936099999999870e-01
8.716174700000000053e-01 -2.557680600000000193e-01 4.181694400000000034e-01 -5.528972100000000278e-01 1.914759600000000006e-01 9.629562200000000294e-01 1.898743699999999868e-01 -2.247390499999999958e-01 -4.512426600000000176e-01 -8.542842000000000491e-02 8.883029000000000064e-01 2.097263799999999900e-01
8.668450100000000269e-01 -2.624578300000000031e-01 4.239051999999999820e-01 -5.581242299999999990e-01 1.950479999999999992e-01 9.609831899999999871e-01 1.961315399999999931e-01 -2.269318100000000116e-01 -4.588420300000000118e-01 -8.733377999999999974e-02 8.842153600000000058e-01 2.146228599999999986e-01
8.608162900000000395e-01 -2.704639699999999980e-01 4.310969299999999893e-01 -5.613793000000000255e-01 1.991346099999999897e-01 9.585565600000000019e-01 2.037516099999999997e-01 -2.301617800000000102e-01 -4.683382600000000062e-01 -8.954637999999999487e-02 8.789998399999999767e-01 2.195052299999999956e-01
8.529837799999999692e-01 -2.788467099999999976e-01 4.412065099999999962e-01 -5.649268699999999699e-01 2.036671899999999980e-01 9.561348699999999701e-01 2.105368999999999990e-01 -2.349810400000000021e-01 -4.805604499999999724e-01 -8.972526999999999586e-02 8.723594599999999755e-01 2.249306500000000097e-01
8.447701699999999869e-01 -2.849033400000000049e-01 4.529828300000000030e-01 -5.719549299999999725e-01 2.074478899999999959e-01 9.546511899999999828e-01 2.135567200000000054e-01 -2.383696899999999952e-01 -4.932836199999999782e-01 -8.643600999999999368e-02 8.655634500000000120e-01 2.301420799999999989e-01
8.382638700000000220e-01 -2.920801199999999986e-01 4.604377100000000000e-01 -5.782623799999999648e-01 2.119516499999999914e-01 9.525664999999999827e-01 2.183885499999999869e-01 -2.418617799999999984e-01 -5.023845000000000116e-01 -8.547668999999999406e-02 8.604089499999999502e-01 2.355775400000000019e-01
8.333391599999999677e-01 -2.979103300000000010e-01 4.656127899999999986e-01 -5.826588299999999609e-01 2.160937199999999891e-01 9.508832999999999869e-01 2.216403899999999927e-01 -2.475072899999999909e-01 -5.087723899999999633e-01 -8.408561000000000507e-02 8.567848399999999920e-01 2.416126100000000054e-01
8.289805500000000382e-01 -3.000639099999999893e-01 4.719670499999999991e-01 -5.887416699999999947e-01 2.185158600000000062e-01 9.505841099999999821e-01 2.205463000000000007e-01 -2.510670600000000086e-01 -5.148223600000000344e-01 -7.969629999999999770e-02 8.535844599999999893e-01 2.463346600000000108e-01
8.240051400000000248e-01 -3.028556499999999763e-01 4.788465100000000030e-01 -5.954220599999999752e-01 2.206036500000000122e-01 9.499505099999999702e-01 2.211968599999999951e-01 -2.527668900000000218e-01 -5.218712100000000298e-01 -7.663206000000000184e-02 8.495751700000000461e-01 2.521862400000000060e-01
8.190258000000000260e-01 -3.071933099999999972e-01 4.845915900000000165e-01 -6.006643400000000188e-01 2.234178800000000131e-01 9.486855400000000493e-01 2.237860600000000089e-01 -2.568645299999999798e-01 -5.284706200000000020e-01 -7.502013999999999905e-02 8.456304100000000545e-01 2.578881900000000171e-01
8.144283599999999623e-01 -3.096628699999999790e-01 4.907294099999999770e-01 -6.064023600000000291e-01 2.248297999999999963e-01 9.480400100000000441e-01 2.251037399999999966e-01 -2.592520300000000222e-01 -5.349373899999999571e-01 -7.300028000000000072e-02 8.417321100000000333e-01 2.633854899999999999e-01
8.098068999999999962e-01 -3.136492100000000116e-01 4.958194799999999791e-01 -6.127037600000000417e-01 2.270638500000000115e-01 9.467965499999999590e-01 2.280751900000000110e-01 -2.628122700000000145e-01 -5.409757800000000172e-01 -7.211417999999999995e-02 8.379407800000000517e-01 2.690913999999999806e-01
8.059933799999999815e-01 -3.173809200000000108e-01 4.996438899999999794e-01 -6.191201800000000199e-01 2.287430199999999914e-01 9.455306999999999462e-01 2.316210700000000122e-01 -2.661665899999999807e-01 -5.459407499999999747e-01 -7.239500000000000102e-02 8.346901599999999588e-01 2.741936700000000005e-01
8.022197699999999987e-01 -3.220782999999999840e-01 5.027017099999999683e-01 -6.256998499999999463e-01 2.312865199999999954e-01 9.439106499999999622e-01 2.356676199999999943e-01 -2.689483799999999869e-01 -5.504089199999999682e-01 -7.278909999999999547e-02 8.317161600000000377e-01 2.803120199999999951e-01
7.985183999999999616e-01 -3.262623900000000132e-01 5.058865700000000354e-01 -6.326970699999999725e-01 2.334279599999999899e-01 9.424526199999999632e-01 2.393625899999999862e-01 -2.713881899999999736e-01 -5.548691300000000437e-01 -7.304736000000000562e-02 8.287245199999999645e-01 2.856165900000000035e-01
